4.000000000000000000e+01 5.235000000000000000e+03
6.700000000000000000e+01 7.043000000000000000e+03
3.500000000000000000e+01 2.150000000000000000e+03
4.500000000000000000e+01 3.158000000000000000e+03
3.300000000000000000e+01 1.028000000000000000e+03
6.000000000000000000e+01 5.676000000000000000e+03
2.800000000000000000e+01 4.705000000000000000e+03
6.600000000000000000e+01 7.999000000000000000e+03
3.100000000000000000e+01 5.362000000000000000e+03
5.600000000000000000e+01 7.911000000000000000e+03
4.800000000000000000e+01 2.219000000000000000e+03
7.000000000000000000e+01 4.342000000000000000e+03
3.200000000000000000e+01 8.300000000000000000e+03
4.500000000000000000e+01 5.763000000000000000e+03
5.200000000000000000e+01 5.172000000000000000e+03
2.100000000000000000e+01 7.287000000000000000e+03
4.700000000000000000e+01 9.574000000000000000e+03
3.700000000000000000e+01 1.212000000000000000e+03
5.900000000000000000e+01 1.048000000000000000e+03
5.300000000000000000e+01 5.110000000000000000e+03
3.000000000000000000e+01 8.903000000000000000e+03
4.200000000000000000e+01 6.693000000000000000e+03
3.000000000000000000e+01 9.246000000000000000e+03
3.800000000000000000e+01 1.916000000000000000e+03
4.600000000000000000e+01 8.546000000000000000e+03
3.800000000000000000e+01 4.565000000000000000e+03
6.100000000000000000e+01 8.444000000000000000e+03
3.400000000000000000e+01 7.396000000000000000e+03
5.500000000000000000e+01 2.433000000000000000e+03
4.300000000000000000e+01 2.095000000000000000e+03
3.200000000000000000e+01 4.242000000000000000e+03
5.200000000000000000e+01 3.121000000000000000e+03
2.400000000000000000e+01 5.211000000000000000e+03
5.800000000000000000e+01 3.721000000000000000e+03
5.500000000000000000e+01 4.429000000000000000e+03
4.300000000000000000e+01 1.829000000000000000e+03
4.500000000000000000e+01 5.141000000000000000e+03
5.300000000000000000e+01 4.271000000000000000e+03
2.000000000000000000e+01 4.964000000000000000e+03
4.600000000000000000e+01 9.206000000000000000e+03
4.300000000000000000e+01 4.891000000000000000e+03
4.100000000000000000e+01 2.797000000000000000e+03
3.300000000000000000e+01 1.832000000000000000e+03
3.600000000000000000e+01 3.090000000000000000e+03
1.900000000000000000e+01 1.770000000000000000e+03
2.400000000000000000e+01 3.385000000000000000e+03
3.900000000000000000e+01 9.284000000000000000e+03
3.700000000000000000e+01 1.842000000000000000e+03
3.900000000000000000e+01 4.692000000000000000e+03
4.700000000000000000e+01 3.664000000000000000e+03
2.900000000000000000e+01 3.671000000000000000e+03
2.700000000000000000e+01 4.714000000000000000e+03
2.300000000000000000e+01 5.234000000000000000e+03
5.100000000000000000e+01 3.774000000000000000e+03
1.900000000000000000e+01 7.428000000000000000e+03
2.900000000000000000e+01 8.395000000000000000e+03
3.600000000000000000e+01 2.334000000000000000e+03
6.300000000000000000e+01 4.540000000000000000e+03
1.900000000000000000e+01 2.716000000000000000e+03
6.400000000000000000e+01 6.168000000000000000e+03
2.500000000000000000e+01 2.517000000000000000e+03
2.000000000000000000e+01 5.448000000000000000e+03
2.800000000000000000e+01 9.489000000000000000e+03
3.800000000000000000e+01 5.056000000000000000e+03
6.800000000000000000e+01 4.122000000000000000e+03
6.200000000000000000e+01 5.307000000000000000e+03
4.100000000000000000e+01 7.546000000000000000e+03
5.000000000000000000e+01 3.821000000000000000e+03
4.800000000000000000e+01 1.955000000000000000e+03
5.100000000000000000e+01 7.196000000000000000e+03
2.000000000000000000e+01 7.074000000000000000e+03
6.800000000000000000e+01 6.320000000000000000e+03
5.100000000000000000e+01 6.353000000000000000e+03
3.000000000000000000e+01 9.267000000000000000e+03
2.000000000000000000e+01 3.456000000000000000e+03
2.500000000000000000e+01 4.076000000000000000e+03
3.000000000000000000e+01 5.387000000000000000e+03
3.100000000000000000e+01 3.270000000000000000e+03
6.500000000000000000e+01 7.429000000000000000e+03
5.800000000000000000e+01 3.393000000000000000e+03
6.000000000000000000e+01 1.483000000000000000e+03
2.700000000000000000e+01 1.565000000000000000e+03
6.200000000000000000e+01 5.215000000000000000e+03
7.000000000000000000e+01 1.709000000000000000e+03
2.900000000000000000e+01 8.614000000000000000e+03
5.200000000000000000e+01 5.379000000000000000e+03
6.300000000000000000e+01 6.273000000000000000e+03
2.300000000000000000e+01 1.828000000000000000e+03
3.100000000000000000e+01 8.325000000000000000e+03
3.800000000000000000e+01 5.398000000000000000e+03
1.900000000000000000e+01 7.573000000000000000e+03
5.000000000000000000e+01 8.602000000000000000e+03
3.600000000000000000e+01 2.152000000000000000e+03
4.300000000000000000e+01 3.605000000000000000e+03
3.000000000000000000e+01 4.298000000000000000e+03
3.300000000000000000e+01 1.879000000000000000e+03
3.100000000000000000e+01 6.684000000000000000e+03
4.900000000000000000e+01 8.481000000000000000e+03
5.100000000000000000e+01 1.968000000000000000e+03
2.700000000000000000e+01 3.287000000000000000e+03
